    subject           activity tBodyAcc-mean()-X tBodyAcc-mean()-Y tBodyAcc-mean()-Z
1         1             LAYING         0.2215982      -0.040513953       -0.11320355
2         1            SITTING         0.2612376      -0.001308288       -0.10454418
3         1           STANDING         0.2789176      -0.016137590       -0.11060182
4         1            WALKING         0.2773308      -0.017383819       -0.11114810
5         1 WALKING_DOWNSTAIRS         0.2891883      -0.009918505       -0.10756619
6         1   WALKING_UPSTAIRS         0.2554617      -0.023953149       -0.09730200
7         2             LAYING         0.2813734      -0.018158740       -0.10724561
8         2            SITTING         0.2770874      -0.015687994       -0.10921827
9         2           STANDING         0.2779115      -0.018420827       -0.10590854
10        2            WALKING         0.2764266      -0.018594920       -0.10550036
11        2 WALKING_DOWNSTAIRS         0.2776153      -0.022661416       -0.11681294
12        2   WALKING_UPSTAIRS         0.2471648      -0.021412113       -0.15251390
13        3             LAYING         0.2755169      -0.018955679       -0.10130048
14        3            SITTING         0.2571976      -0.003502998       -0.09835792
    tBodyAcc-std()-X tBodyAcc-std()-Y tBodyAcc-std()-Z tGravityAcc-mean()-X
1       -0.928056469     -0.836827406      -0.82606140           -0.2488818
2       -0.977229008     -0.922618642      -0.93958629            0.8315099
3       -0.995759902     -0.973190056      -0.97977588            0.9429520
4       -0.283740259      0.114461337      -0.26002790            0.9352232
5        0.030035338     -0.031935943      -0.23043421            0.9318744
6       -0.354708025     -0.002320265      -0.01947924            0.8933511
7       -0.974059465     -0.980277399      -0.98423330           -0.5097542
8       -0.986822280     -0.950704499      -0.95982817            0.9404773
9       -0.987271889     -0.957304989      -0.94974185            0.8969286
10      -0.423642838     -0.078091253      -0.42525752            0.9130173
11       0.046366681      0.262881789      -0.10283791            0.8618313
12      -0.304376406      0.108027280      -0.11212102            0.7907174
13      -0.982776639     -0.962057545      -0.96369103           -0.2417585
14      -0.971010121     -0.856617812      -0.87511018            0.9010990
    tGravityAcc-mean()-Y tGravityAcc-mean()-Z tGravityAcc-std()-X tGravityAcc-std()-Y
1            0.705549773          0.445817720          -0.8968300          -0.9077200
2            0.204411593          0.332043703          -0.9684571          -0.9355171
3           -0.272983832          0.013490582          -0.9937630          -0.9812260
4           -0.282165021         -0.068102864          -0.9766096          -0.9713060
5           -0.266610339         -0.062119959          -0.9505598          -0.9370187
6           -0.362153364         -0.075402940          -0.9563670          -0.9528492
7            0.752536639          0.646834880          -0.9590144          -0.9882119
8           -0.105630024          0.198726769          -0.9799888          -0.9567503
9           -0.370062697          0.129747161          -0.9866858          -0.9741944
10          -0.346607090          0.084727087          -0.9726932          -0.9721169
11          -0.325780101         -0.043889016          -0.9403618          -0.9400685
12          -0.416214890         -0.195888239          -0.9344077          -0.9237675
13           0.837032100          0.488703185          -0.9825122          -0.9812027
14           0.127303379          0.139020582          -0.9573245          -0.9039230
    tGravityAcc-std()-Z tBodyAccJerk-mean()-X tBodyAccJerk-mean()-Y
1            -0.8523663            0.08108653          3.838204e-03
2            -0.9490409            0.07748252         -6.191028e-04
3            -0.9763241            0.07537665          7.975731e-03
4            -0.9477172            0.07404163          2.827211e-02
5            -0.8959397            0.05415532          2.965045e-02
6            -0.9123794            0.10137273          1.948631e-02
7            -0.9842304            0.08259725          1.225479e-02
8            -0.9544159            0.07225644          1.169545e-02
9            -0.9459271            0.07475886          1.032918e-02
10           -0.9720728            0.06180807          1.824927e-02
11           -0.9314383            0.11004062         -3.279591e-03
12           -0.8780041            0.07445078         -9.709855e-03
13           -0.9648075            0.07698111          1.380410e-02
14           -0.8977363            0.07260984          2.725291e-03
    tBodyAccJerk-mean()-Z tBodyAccJerk-std()-X tBodyAccJerk-std()-Y
1            1.083424e-02         -0.958482112         -0.924149274
2           -3.367792e-03         -0.986430711         -0.981371965
3           -3.685250e-03         -0.994604542         -0.985648732
4           -4.168406e-03         -0.113615602          0.067002501
5           -1.097197e-02         -0.012283861         -0.101601391
6           -4.556254e-02         -0.446843888         -0.378274426
7           -1.802649e-03         -0.985872169         -0.983172541
8            7.605469e-03         -0.988055854         -0.977983955
9           -8.371588e-03         -0.981085716         -0.971059440
10           7.895337e-03         -0.277530463         -0.016602236
11          -2.093517e-02          0.147249143          0.126828015
12           1.948144e-02         -0.276121886         -0.185648954
13          -4.356259e-03         -0.980879315         -0.968710725
14          -4.233484e-03         -0.974467390         -0.953631391
    tBodyAccJerk-std()-Z tBodyGyro-mean()-X tBodyGyro-mean()-Y tBodyGyro-mean()-Z
1            -0.95485511      -0.0165530940       -0.064486124       0.1486894363
2            -0.98791080      -0.0453500565       -0.091924155       0.0629313812
3            -0.99225118      -0.0239877348       -0.059397221       0.0748007510
4            -0.50269979      -0.0418309635       -0.069530046       0.0849448173
5            -0.34573503      -0.0350781903       -0.090937129       0.0900850142
6            -0.70659353       0.0505493798       -0.166170015       0.0583595464
7            -0.98844201      -0.0184766067       -0.111800825       0.1448828461
8            -0.98751821      -0.0454706620       -0.059928680       0.0412277462
9            -0.98284145      -0.0238623876       -0.082039658       0.0878351695
10           -0.58609042      -0.0530258157       -0.048238232       0.0828336633
11           -0.34012202      -0.1159473529       -0.004823292       0.0971738089
12           -0.57374635      -0.0576912635       -0.032088310       0.0688374022
13           -0.98209316      -0.0208170540       -0.071850716       0.1379995611
14           -0.97466157      -0.0385365205       -0.075241003       0.0940113976
    tBodyGyro-std()-X tBodyGyro-std()-Y tBodyGyro-std()-Z tBodyGyroJerk-mean()-X
1          -0.8735439      -0.951090440       -0.90828466            -0.10727095
2          -0.9772113      -0.966473895       -0.94142592            -0.09367938
3          -0.9871919      -0.987734440       -0.98064563            -0.09960921
4          -0.4735355      -0.054607769       -0.34426663            -0.08999754
5          -0.4580305      -0.126349195       -0.12470245            -0.07395920
6          -0.5448711       0.004105184       -0.50716867            -0.12223277
7          -0.9882752      -0.982291609       -0.96030656            -0.10197413
8          -0.9857420      -0.978919527       -0.95980371            -0.09363284
9          -0.9729986      -0.971441996       -0.96485670            -0.10556216
10         -0.5615503      -0.538453668       -0.48108554            -0.08188334
11         -0.3207892      -0.415739145       -0.27941839            -0.05810385
12         -0.4392531      -0.466298337       -0.16399579            -0.08288580
13         -0.9745458      -0.977272654       -0.96350561            -0.10004450
14         -0.9654348      -0.944854571       -0.92641371            -0.10360589
    tBodyGyroJerk-mean()-Y tBodyGyroJerk-mean()-Z tBodyGyroJerk-std()-X
1              -0.04151729           -0.074050121           -0.91860852
2              -0.04021181           -0.046702627           -0.99173159
3              -0.04406279           -0.048950547           -0.99294511
4              -0.03984287           -0.046130930           -0.20742185
5              -0.04399028           -0.027046106           -0.48702734
6              -0.04214859           -0.040712553           -0.61478651
7              -0.03585902           -0.070178302           -0.99323585
8              -0.04156020           -0.043585097           -0.98970902
9              -0.04224195           -0.054653948           -0.97932400
10             -0.05382994           -0.051493916           -0.38954983
11             -0.04214703           -0.071022982           -0.24394059
12             -0.04240537           -0.044515748           -0.46485436
13             -0.03897718           -0.068733870           -0.98032865
14             -0.03609099           -0.059007997           -0.97254691
    tBodyGyroJerk-std()-Y tBodyGyroJerk-std()-Z tBodyAccMag-mean() tBodyAccMag-std()
1             -0.96790724          -0.957790160      -0.8419291525       -0.79514486
2             -0.98951807          -0.987935806      -0.9485367862       -0.92707842
3             -0.99513792          -0.992108467      -0.9842782074       -0.98194293
4             -0.30446851          -0.404255453      -0.1369711766       -0.21968865
5             -0.23882483          -0.268761480       0.0271882914        0.01988435
6             -0.60169666          -0.606332002      -0.1299276307       -0.32497093
7             -0.98956754          -0.988035821      -0.9774354852       -0.97287391
8             -0.99088961          -0.985542326      -0.9678936239       -0.95308144
9             -0.98344726          -0.973610118      -0.9658751813       -0.95787497
10            -0.63414044          -0.435492677      -0.2904075937       -0.42254417
11            -0.46939670          -0.218266319       0.0899511205        0.21558633
12            -0.64549134          -0.467595961      -0.1073226795       -0.20597705
13            -0.98676274          -0.983338280      -0.9727913461       -0.96421818
14            -0.97863591          -0.973751671      -0.8953833502       -0.87030170
    tGravityAccMag-mean() tGravityAccMag-std() tBodyAccJerkMag-mean()
1           -0.8419291525          -0.79514486           -0.954396265
2           -0.9485367862          -0.92707842           -0.987364196
3           -0.9842782074          -0.98194293           -0.992367791
4           -0.1369711766          -0.21968865           -0.141428809
5            0.0271882914           0.01988435           -0.089447481
6           -0.1299276307          -0.32497093           -0.466503446
7           -0.9774354852          -0.97287391           -0.987741696
8           -0.9678936239          -0.95308144           -0.986774713
9           -0.9658751813          -0.95787497           -0.980489077
10          -0.2904075937          -0.42254417           -0.281424154
11           0.0899511205           0.21558633            0.005655163
12          -0.1073226795          -0.20597705           -0.321268911
13          -0.9727913461          -0.96421818           -0.979484593
14          -0.8953833502          -0.87030170           -0.969080753
    tBodyAccJerkMag-std() tBodyGyroMag-mean() tBodyGyroMag-std()
1             -0.92824563        -0.874759548        -0.81901017
2             -0.98412002        -0.930892490        -0.93453184
3             -0.99309621        -0.976493793        -0.97869003
4             -0.07447175        -0.160979553        -0.18697836
5             -0.02578772        -0.075741254        -0.22572437
6             -0.47899162        -0.126735590        -0.14861932
7             -0.98551808        -0.950011570        -0.96116405
8             -0.98447587        -0.946035087        -0.96131362
9             -0.97667528        -0.963466342        -0.95394338
10            -0.16415099        -0.446549093        -0.55301992
11             0.22961719        -0.162188587        -0.27484411
12            -0.21738939        -0.219713473        -0.37753217
13            -0.97612130        -0.951564751        -0.95427511
14            -0.96655008        -0.919354372        -0.92551810
    tBodyGyroJerkMag-mean() tBodyGyroJerkMag-std() fBodyAcc-mean()-X
1               -0.96346103            -0.93584098       -0.93909905
2               -0.99197634            -0.98830873       -0.97964124
3               -0.99496679            -0.99473324       -0.99524993
4               -0.29870368            -0.32532488       -0.20279431
5               -0.29546384            -0.30651065        0.03822918
6               -0.59488287            -0.64855304       -0.40432178
7               -0.99176707            -0.98971810       -0.97672506
8               -0.99108149            -0.98959492       -0.98580384
9               -0.98395190            -0.97720443       -0.98394674
10              -0.54791195            -0.55779815       -0.34604816
11              -0.41087267            -0.34318788        0.11284116
12              -0.57281644            -0.59729172       -0.26672093
13              -0.98671363            -0.98313926       -0.98066561
14              -0.97799805            -0.97677268       -0.97015444
    fBodyAcc-mean()-Y fBodyAcc-mean()-Z fBodyAcc-std()-X fBodyAcc-std()-Y
1        -0.867065205       -0.88266688     -0.924437435     -0.833625556
2        -0.944084550       -0.95918489     -0.976412313     -0.917275006
3        -0.977070848       -0.98529710     -0.996028345     -0.972293102
4         0.089712726       -0.33156012     -0.319134720      0.056040007
5         0.001549908       -0.22557447      0.024330839     -0.112963740
6        -0.190976721       -0.43334970     -0.337428189      0.021769511
7        -0.979800878       -0.98438098     -0.973246482     -0.981025106
8        -0.957343498       -0.97016217     -0.987362090     -0.950073754
9        -0.959871697       -0.96247120     -0.989056470     -0.957908842
10       -0.021904810       -0.45380637     -0.457651384     -0.169219686
11        0.278345042       -0.13129077      0.016104620      0.171973973
12        0.009924459       -0.28100199     -0.320582414      0.084880279
13       -0.961169983       -0.96833214     -0.983691129     -0.964094604
14       -0.891907751       -0.91798793     -0.971605878     -0.849655658
    fBodyAcc-std()-Z fBodyAccJerk-mean()-X fBodyAccJerk-mean()-Y
1        -0.81289156          -0.957073884          -0.922462610
2        -0.93446956          -0.986597023          -0.981579467
3        -0.97793726          -0.994630797          -0.985418705
4        -0.27968675          -0.170546965          -0.035225524
5        -0.29792789          -0.027663868          -0.128667158
6         0.08595655          -0.479875246          -0.413444588
7        -0.98479218          -0.985813631          -0.982768250
8        -0.95686286          -0.987848794          -0.977139703
9        -0.94643358          -0.980973242          -0.970851338
10       -0.45522215          -0.304615323          -0.078764084
11       -0.16203289           0.138120681           0.096209161
12       -0.09454498          -0.258639440          -0.187842132
13       -0.96327908          -0.980513202          -0.968752114
14       -0.86432246          -0.974950363          -0.954170151
    fBodyAccJerk-mean()-Z fBodyAccJerk-std()-X fBodyAccJerk-std()-Y
1             -0.94806090         -0.964160709         -0.932217870
2             -0.98605309         -0.987492994         -0.982513910
3             -0.99075217         -0.995073759         -0.987018227
4             -0.46899922         -0.133586606          0.106739857
5             -0.28833474         -0.086327897         -0.134580009
6             -0.68547435         -0.461907026         -0.381777065
7             -0.98619713         -0.987250256         -0.984987393
8             -0.98512905         -0.989459107         -0.980804228
9             -0.97977515         -0.983007924         -0.973520241
10            -0.55495671         -0.314313063         -0.015332952
11            -0.27149872          0.049959062          0.080833349
12            -0.52272806         -0.365415441         -0.243554147
13            -0.97912234         -0.983122616         -0.971044013
14            -0.97084567         -0.976283535         -0.956461757
    fBodyAccJerk-std()-Z fBodyGyro-mean()-X fBodyGyro-mean()-Y fBodyGyro-mean()-Z
1           -0.960586987        -0.85024917        -0.95219149        -0.90930272
2           -0.988339185        -0.97616146        -0.97583859        -0.95131554
3           -0.992349818        -0.98638679        -0.98898446        -0.98077312
4           -0.534713440        -0.33903220        -0.10305942        -0.25594094
5           -0.401721464        -0.35244963        -0.05570225        -0.03186943
6           -0.726040201        -0.49261167        -0.31947461        -0.45359721
7           -0.989345369        -0.98643114        -0.98332164        -0.96267189
8           -0.988570804        -0.98262139        -0.98210092        -0.95981482
9           -0.984599905        -0.96703711        -0.97257615        -0.96062770
10          -0.615898188        -0.42971354        -0.55477211        -0.39665991
11          -0.408227423        -0.14577597        -0.36191382        -0.08749447
12          -0.625090981        -0.33164358        -0.48808612        -0.24860112
13          -0.983711905        -0.97016726        -0.97809968        -0.96234196
14          -0.977159572        -0.95755064        -0.95617355        -0.93496796
    fBodyGyro-std()-X fBodyGyro-std()-Y fBodyGyro-std()-Z fBodyAccMag-mean()
1          -0.8822965       -0.95123205       -0.91658251       -0.861767648
2          -0.9779042       -0.96234504       -0.94391784       -0.947782923
3          -0.9874971       -0.98710773       -0.98234533       -0.985356361
4          -0.5166919       -0.03350816       -0.43656223       -0.128623451
5          -0.4954225       -0.18141473       -0.23844357        0.096584534
6          -0.5658925        0.15153891       -0.57170784       -0.352395945
7          -0.9888607       -0.98191062       -0.96317422       -0.975110196
8          -0.9868085       -0.97735619       -0.96352266       -0.961273748
9          -0.9749881       -0.97103605       -0.96975430       -0.964052166
10         -0.6040530       -0.53304695       -0.55985664       -0.324289428
11         -0.3794367       -0.45873275       -0.42298767        0.293424827
12         -0.4763588       -0.45975849       -0.21807247       -0.145318539
13         -0.9759864       -0.97703250       -0.96725685       -0.965524275
14         -0.9680131       -0.93960999       -0.93063315       -0.904185726
    fBodyAccMag-std() fBodyBodyAccJerkMag-mean() fBodyBodyAccJerkMag-std()
1       -0.7983009404              -0.9333003608               -0.92180398
2       -0.9284448017              -0.9852621268               -0.98160618
3       -0.9823138047              -0.9925424775               -0.99253600
4       -0.3980325868              -0.0571194000               -0.10349240
5       -0.1865303011               0.0262184949               -0.10405226
6       -0.4162601015              -0.4426521625               -0.53305985
7       -0.9751213879              -0.9853741148               -0.98456849
8       -0.9555756022              -0.9838746989               -0.98412419
9       -0.9605193815              -0.9770652956               -0.97516046
10      -0.5771052117              -0.1690643528               -0.16409197
11      -0.0214787882               0.2222474096                0.22748073
12      -0.3667282438              -0.1895111369               -0.26042384
13      -0.9683502174              -0.9759495979               -0.97530538
14      -0.8746265921              -0.9658888917               -0.96656885
    fBodyBodyGyroMag-mean() fBodyBodyGyroMag-std() fBodyBodyGyroJerkMag-mean()
1             -0.8621901854            -0.82431944                 -0.94236695
2             -0.9584355894            -0.93219837                 -0.98979755
3             -0.9846176234            -0.97846607                 -0.99481538
4             -0.1992525690            -0.32101795                 -0.31930859
5             -0.1857202857            -0.39835039                 -0.28196336
6             -0.3259614574            -0.18298552                 -0.63466508
7             -0.9721129727            -0.96109838                 -0.99024870
8             -0.9718405961            -0.96138575                 -0.98986195
9             -0.9617759048            -0.95678873                 -0.97784983
10            -0.5307048147            -0.65179284                 -0.58324929
11            -0.3208385436            -0.37257676                 -0.38017531
12            -0.4506121848            -0.43862040                 -0.60079850
13            -0.9645867248            -0.95544186                 -0.98427825
14            -0.9466649437            -0.92544963                 -0.97789811
    fBodyBodyGyroJerkMag-std()
1                  -0.93266067
2                  -0.98704962
3                  -0.99467112
4                  -0.38160191
5                  -0.39191988
6                  -0.69393052
7                  -0.98949266
8                  -0.98963291
9                  -0.97775430
10                 -0.55810455
11                 -0.34369899
12                 -0.62182020
13                 -0.98256816
14                 -0.97668980
 [ reached getOption("max.print") -- omitted 166 rows ]
